"Drag Convergence"
"Iterations" "cd"
("Iterations" body ele fin wing)
26     2.79700e+01     3.62268e+00     -1.55114e+01     -5.19482e+01
27     2.68347e+01     3.64777e+00     -1.60540e+01     1.13666e+02
28     2.79399e+01     3.48223e+00     -1.55606e+01     -7.92671e+01
29     2.70356e+01     3.60284e+00     -1.62254e+01     -4.08005e+02
30     2.70749e+01     3.52585e+00     -1.57308e+01     1.85317e+03
31     2.35386e+01     3.69146e+00     -1.67673e+01     2.17324e+03
32     2.27055e+01     3.62161e+00     -1.61565e+01     1.77063e+03
33     2.02947e+01     3.75677e+00     -1.66059e+01     1.23745e+03
34     1.81678e+01     3.73850e+00     -1.60258e+01     8.51363e+02
35     1.43234e+01     3.86281e+00     -1.67629e+01     6.55483e+02
36     1.50903e+01     3.87637e+00     -1.61119e+01     5.68465e+02
37     1.22732e+01     4.01115e+00     -1.71167e+01     4.21022e+02
38     1.38225e+01     3.93555e+00     -1.62125e+01     5.89810e+02
39     1.22989e+01     4.06423e+00     -1.74037e+01     2.13791e+02
40     1.53828e+01     3.99091e+00     -1.63417e+01     2.79342e+02
41     1.47364e+01     4.09296e+00     -1.76353e+01     1.72231e+02
42     1.90345e+01     3.99458e+00     -1.64146e+01     6.35990e+01
43     1.95777e+01     4.06020e+00     -1.80021e+01     2.35578e+01
44     2.45829e+01     3.86889e+00     -1.66633e+01     -1.65768e+01
45     2.52496e+01     3.94493e+00     -1.76369e+01     3.26736e+00
46     3.00065e+01     3.71010e+00     -1.63719e+01     2.22946e+00
47     2.96383e+01     3.85157e+00     -1.74960e+01     5.48237e+01
48     3.34030e+01     3.60453e+00     -1.62524e+01     1.43548e+01
49     3.21642e+01     3.83336e+00     -1.73726e+01     5.27151e+01
50     3.48274e+01     3.54836e+00     -1.61777e+01     2.04845e+01
51     3.30225e+01     3.81185e+00     -1.73918e+01     -1.17274e+02
52     3.55037e+01     3.54749e+00     -1.62684e+01     2.92837e+02
53     3.32530e+01     3.85199e+00     -1.76650e+01     -2.39946e+00
54     3.55132e+01     3.57982e+00     -1.64546e+01     -7.28314e+01
55     3.34120e+01     3.92031e+00     -1.75875e+01     4.38593e+00
56     3.53848e+01     3.57023e+00     -1.64575e+01     2.02302e+02
57     3.27440e+01     3.91696e+00     -1.75532e+01     4.59881e+01
58     3.45917e+01     3.59700e+00     -1.64643e+01     -2.31234e+01
59     2.79687e+01     4.03112e+00     -1.76225e+01     -6.17419e+02
60     2.94031e+01     3.70822e+00     -1.65882e+01     1.68781e+03
61     2.24165e+01     4.20795e+00     -1.77000e+01     4.92065e+02
62     2.54719e+01     3.89436e+00     -1.67090e+01     -4.75541e+03
63     1.98344e+01     4.17319e+00     -1.77070e+01     -6.32566e+02
64     1.57377e+01     3.88490e+00     -1.67387e+01     4.79494e+02
65     7.59555e+00     4.48988e+00     -1.77001e+01     2.17585e+03
66     9.46578e+00     4.17699e+00     -1.66591e+01     -7.64173e+03
67     6.53185e-01     4.43246e+00     -1.76579e+01     1.28435e+04
67     6.53185e-01     4.43246e+00     -1.76579e+01     1.28435e+04
67     6.53185e-01     4.43246e+00     -1.76579e+01     1.28435e+04
68     -1.98576e+01     4.20000e+00     -1.63508e+01     1.01287e+05
69     -1.66075e+01     4.73470e+00     -1.74595e+01     2.56538e+05
70     -1.02598e+01     4.95107e+00     -1.62498e+01     -6.98355e+04
71     -9.55964e+00     5.48093e+00     -1.74384e+01     3.61178e+05
72     2.64026e+01     5.07474e+00     -1.62575e+01     1.36337e+04
73     5.65191e+01     4.82217e+00     -1.74932e+01     1.80982e+05
74     8.02535e+01     3.66963e+00     -1.63580e+01     5.01886e+03
75     9.75952e+01     3.14834e+00     -1.76171e+01     1.55044e+05
76     1.21869e+02     2.26955e+00     -1.62386e+01     3.93816e+04
77     1.22063e+02     1.94162e+00     -1.74105e+01     1.04460e+05
78     1.25914e+02     1.63250e+00     -1.59343e+01     4.82955e+04
79     1.04874e+02     1.74466e+00     -1.70884e+01     5.89086e+04
80     1.06763e+02     1.49066e+00     -1.56487e+01     4.35659e+04
81     9.20870e+01     1.97776e+00     -1.67941e+01     3.59182e+04
82     9.04178e+01     1.88881e+00     -1.53957e+01     2.90422e+04
83     8.42093e+01     2.72383e+00     -1.65374e+01     2.16804e+04
84     7.13359e+01     2.81058e+00     -1.51997e+01     1.78877e+04
85     5.23804e+01     3.41361e+00     -1.63650e+01     1.37226e+04
86     3.28035e+01     3.35990e+00     -1.51318e+01     1.09280e+04
87     6.35676e+00     4.03719e+00     -1.63500e+01     8.33712e+03
88     -1.97061e+01     3.84399e+00     -1.52348e+01     5.56706e+03
89     -4.01766e+01     4.42057e+00     -1.65343e+01     3.70301e+03
90     -6.05656e+01     4.26227e+00     -1.54904e+01     6.47086e+02
91     -7.53143e+01     4.60599e+00     -1.69381e+01     8.07751e+02
92     -8.33406e+01     4.14259e+00     -1.58772e+01     -1.20006e+03
93     -9.33014e+01     4.50909e+00     -1.74215e+01     -1.24639e+03
94     -8.75682e+01     4.06214e+00     -1.62640e+01     -2.26243e+03
95     -9.51672e+01     4.35611e+00     -1.78745e+01     -2.35723e+03
96     -8.73609e+01     3.98877e+00     -1.66454e+01     -2.61940e+03
97     -8.70444e+01     4.19317e+00     -1.81141e+01     -2.37115e+03
98     -8.15612e+01     3.87463e+00     -1.68034e+01     -2.14106e+03
99     -7.88386e+01     4.06368e+00     -1.82540e+01     -1.89500e+03
100     -7.50376e+01     3.87587e+00     -1.68305e+01     -1.77645e+03
101     -7.42014e+01     4.03429e+00     -1.84212e+01     -1.80296e+03
102     -6.77967e+01     4.00055e+00     -1.68995e+01     -1.61872e+03
103     -6.82960e+01     4.13622e+00     -1.85735e+01     -9.72583e+02
104     -6.27144e+01     3.93591e+00     -1.70154e+01     -1.44292e+03
105     -6.87556e+01     3.94640e+00     -1.86377e+01     -2.41709e+03
106     -6.65877e+01     3.83828e+00     -1.70031e+01     -3.71659e+03
107     -5.23948e+01     3.73582e+00     -1.86143e+01     4.73120e+03
108     -5.56948e+01     3.63706e+00     -1.68919e+01     3.34876e+03
109     -5.59509e+01     3.85391e+00     -1.85024e+01     3.48098e+03
110     -5.54575e+01     3.62083e+00     -1.68361e+01     -3.92861e+02
111     -5.75814e+01     3.84194e+00     -1.83801e+01     1.33228e+03
112     -5.09641e+01     3.68172e+00     -1.66855e+01     8.50129e+03
113     -5.50947e+01     4.06524e+00     -1.83907e+01     -1.20091e+03
114     -4.65562e+01     3.85406e+00     -1.66209e+01     -4.46500e+03
115     -2.14922e+01     4.11967e+00     -1.84583e+01     2.06929e+04
116     5.87315e+00     3.90709e+00     -1.66337e+01     -2.96571e+03
117     -4.57775e+01     4.51730e+00     -1.82884e+01     -6.70664e+04
118     -2.61347e+03     2.39078e+01     -1.57638e+01     -1.27609e+06
119     -3.46710e+03     2.58613e+01     -1.84728e+01     -2.74167e+06
120     -4.50504e+03     3.18168e+01     -1.77426e+01     1.17573e+06
121     -7.25986e+03     4.39568e+01     -1.99238e+01     -4.32749e+06
122     -1.06975e+04     6.25570e+01     -1.75204e+01     -8.14313e+05
123     -1.32466e+04     7.18469e+01     -2.12228e+01     -3.84611e+06
124     -1.49381e+04     7.92011e+01     -1.99328e+01     -2.41779e+05
125     -1.59510e+04     8.08877e+01     -2.49037e+01     -2.36497e+06
126     -1.65082e+04     7.38665e+01     -2.53897e+01     -7.37328e+05
127     -1.08853e+04     -2.37828e+01     -4.20361e+01     -1.22897e+06
128     -1.09044e+04     -2.06638e+01     -4.11986e+01     -4.72340e+05
129     -1.07651e+04     -1.54882e+01     -4.90221e+01     -1.00617e+06
130     -1.01169e+04     -4.64797e-01     -4.43469e+01     -3.04840e+05
131     -9.39896e+03     2.54861e+01     -5.09138e+01     -5.77643e+05
132     -8.31904e+03     4.19558e+01     -4.51732e+01     -2.00620e+05
133     -5.33194e+03     6.00147e+01     -4.62865e+01     -2.04475e+05
134     -4.70152e+03     6.59825e+01     -4.15581e+01     -9.07716e+04
135     -4.22223e+03     7.09555e+01     -4.14880e+01     -3.77948e+04
136     -2.11766e+03     7.73478e+01     -3.96242e+01     -6.64870e+04
137     -1.71705e+03     7.46285e+01     -4.06048e+01     1.22191e+05
138     -3.57816e+02     6.88247e+01     -3.79951e+01     -2.60744e+03
139     -2.00403e+02     7.10430e+01     -4.43291e+01     1.23115e+05
140     -3.38121e+01     6.99321e+01     -4.11187e+01     6.98796e+04
141     -2.55329e+03     7.37599e+01     -4.39733e+01     1.43481e+05
142     -2.68620e+03     8.57375e+01     -4.01502e+01     4.53295e+04
143     2.51784e+04     9.66438e+01     -4.79360e+01     1.78118e+05
144     -1.77389e+04     1.06560e+02     -4.64401e+01     7.33048e+04
145     3.91996e+04     1.19035e+02     -5.22011e+01     1.31306e+05
146     8.41501e+04     1.29026e+02     -5.18502e+01     9.87918e+04
147     -1.56141e+04     1.39512e+02     -5.62674e+01     1.07800e+05
148     1.31993e+05     1.54717e+02     -5.58505e+01     5.86113e+04
149     1.99315e+04     1.64656e+02     -6.40209e+01     1.30847e+05
150     5.69376e+04     1.88444e+02     -6.65410e+01     9.57925e+04
151     2.26372e+05     1.95911e+02     -7.42560e+01     6.93890e+04
152     2.14622e+03     2.17707e+02     -7.59937e+01     7.93008e+04
153     3.08239e+04     2.14887e+02     -8.05049e+01     5.31300e+04
154     4.23691e+04     2.16790e+02     -8.42235e+01     5.61830e+04
155     1.48272e+04     2.54703e+02     -8.47158e+01     5.44451e+04
156     -2.15169e+04     2.89153e+02     -7.47125e+01     4.75659e+04
157     1.37278e+04     3.39200e+02     -8.29173e+01     4.92321e+04
158     -4.20328e+04     3.95878e+02     -6.80557e+01     4.57477e+04
159     -2.25233e+05     4.63116e+02     -6.74955e+01     5.51838e+04
160     -1.41066e+05     5.05664e+02     -5.64727e+01     6.11998e+04
161     -6.17892e+05     5.58180e+02     -3.85047e+01     4.48903e+04
162     -2.09503e+05     5.46690e+02     -2.37851e+01     5.51733e+04
163     -2.65358e+05     4.67349e+02     -2.26487e+01     2.24754e+04
164     -1.10174e+05     3.67766e+02     -7.52315e+01     2.43034e+04
165     -1.08592e+05     3.36485e+02     -3.54671e+01     6.07236e+04
166     -2.18735e+05     2.51510e+02     -1.12439e+02     6.85869e+04
167     -1.24897e+05     2.61462e+02     -4.43461e+01     -5.80775e+04
168     -4.24501e+05     2.00639e+02     -9.05222e+01     7.57003e+04
169     -1.47430e+06     2.75243e+02     -3.92402e+01     5.01025e+04
170     -2.41332e+06     2.13060e+02     -8.22362e+01     7.38856e+04
171     -1.61630e+06     2.51517e+02     -1.21789e+01     7.68716e+04
172     -1.87226e+06     1.53654e+02     -7.18123e+01     4.78032e+04
173     -4.06783e+05     1.41130e+02     3.10938e+01     1.19419e+05
174     -5.26829e+05     -9.67148e+01     -5.01139e+01     9.84217e+04
175     2.69668e+05     -1.11025e+02     4.78043e+01     1.21113e+05
176     6.27652e+05     -2.60573e+02     -3.36731e+01     -1.13344e+04
177     1.20326e+04     -3.72189e+02     5.83436e+01     9.87182e+04
178     4.15219e+05     -5.15096e+02     4.22022e+00     4.29644e+04
179     2.97341e+05     -5.23030e+02     7.09241e+01     6.33235e+04
180     3.44527e+05     -7.83492e+02     2.54012e+01     -2.21281e+04
181     2.60711e+05     -7.91445e+02     8.94659e+01     3.33927e+04
182     2.20276e+05     -1.06133e+03     2.58714e+01     -2.35014e+04
183     8.37392e+04     -1.14101e+03     7.51396e+01     7.24085e+04
184     3.33072e+05     -1.43372e+03     -4.20702e+01     -4.71994e+03
185     2.45875e+05     -1.47262e+03     2.58497e+01     1.53948e+04
186     3.54422e+04     -1.64653e+03     -1.44144e+02     1.79975e+03
187     -3.32906e+05     -1.58088e+03     -4.13892e+01     3.89496e+03
188     1.15929e+05     -1.59116e+03     -1.94558e+02     5.31382e+04
189     -3.56701e+05     -1.58604e+03     -1.29769e+02     3.98935e+04
190     2.38157e+05     -1.36433e+03     -3.37574e+02     8.55581e+04
191     2.23929e+05     -2.61584e+03     -1.98870e+02     7.05096e+04
192     2.56420e+05     2.22352e+03     -4.32412e+02     8.97979e+04
193     1.93783e+05     -8.86878e+03     -2.16285e+02     -3.27801e+04
194     1.17044e+05     8.31920e+03     -4.40738e+02     1.14115e+05
195     1.68654e+05     -1.16083e+04     -1.44136e+02     5.23349e+03
196     1.18990e+05     7.66676e+03     -3.87668e+02     4.53375e+04
197     1.20350e+05     -1.12708e+04     -4.85039e+01     4.23818e+03
198     4.28017e+04     7.57347e+03     -2.06804e+02     2.76048e+04
199     1.56336e+05     -1.14404e+04     1.09877e+02     2.26162e+04
200     1.74702e+05     7.53352e+03     6.79811e+00     4.36640e+04
201     -8.31418e+04     -1.13133e+04     2.59145e+02     -3.32642e+04
202     1.05954e+05     7.43565e+03     1.86582e+02     3.34800e+04
203     5.24043e+04     -1.13301e+04     3.78731e+02     5.98040e+02
204     4.04532e+03     7.74084e+03     2.71913e+02     3.91239e+04
205     6.74857e+04     -1.00390e+04     4.22561e+02     -1.03103e+04
206     6.82271e+03     6.90757e+03     2.93216e+02     1.26782e+04
207     7.26272e+04     -1.03384e+04     3.47857e+02     3.16191e+04
208     3.74361e+04     7.36349e+03     1.78503e+02     2.71855e+04
209     1.10853e+05     -1.16987e+04     2.09918e+02     6.96929e+03
210     1.09668e+05     7.88182e+03     2.16271e+01     1.05361e+03
211     2.15553e+05     -1.17286e+04     1.52495e+01     6.80398e+04
212     2.31629e+05     7.42185e+03     -2.25394e+02     -1.26020e+05
213     2.45709e+05     -1.13149e+04     -1.87878e+02     3.45545e+04
214     2.24831e+04     7.49724e+03     -4.51249e+02     -5.72896e+04
215     2.96457e+05     -1.09080e+04     -4.08933e+02     -3.11357e+03
216     3.69897e+05     7.38356e+03     -6.32328e+02     -5.06840e+04
217     4.89208e+05     -1.09151e+04     -5.45755e+02     -2.75055e+04
218     1.52581e+05     7.74529e+03     -7.32877e+02     -3.50953e+04
219     2.22877e+05     -1.19028e+04     -5.54657e+02     -2.79423e+04
220     3.14438e+04     8.12205e+03     -8.11230e+02     -2.31764e+04
221     2.64813e+05     -1.05127e+04     -6.83052e+02     -2.50129e+04
222     3.41323e+04     7.29873e+03     -9.12843e+02     -2.03566e+04
223     1.21065e+05     -1.08413e+04     -8.41261e+02     -5.76956e+03
224     -8.22072e+04     7.39625e+03     -1.08280e+03     -3.42431e+03
225     6.67069e+04     -1.25980e+04     -1.05551e+03     -4.24322e+03
226     3.64524e+04     8.60346e+03     -1.35233e+03     2.82580e+02
227     1.19852e+05     -1.20688e+04     -1.31968e+03     -5.59981e+02
228     2.46643e+04     7.88772e+03     -1.65494e+03     -4.69145e+03
229     -1.76924e+05     -1.20703e+04     -1.60690e+03     4.54403e+03
230     -3.87287e+05     8.72195e+03     -2.09506e+03     -1.02166e+03
231     -1.41786e+05     -1.03280e+04     -1.97421e+03     2.70138e+03
232     2.77719e+04     1.08754e+04     -2.36426e+03     2.01714e+02
233     2.73953e+04     -1.59456e+04     -2.17794e+03     -7.48928e+02
234     1.70237e+04     9.43889e+03     -2.50020e+03     -8.58300e+02
235     5.30835e+04     -8.55576e+03     -2.29576e+03     3.88171e+02
236     3.70592e+04     1.29331e+04     -2.55870e+03     -1.22082e+04
237     5.81154e+04     -1.63493e+04     -2.30239e+03     -2.19618e+02
238     4.20680e+04     8.99795e+03     -2.31305e+03     -3.70949e+03
239     7.10581e+04     -6.85491e+03     -1.92497e+03     -3.35625e+03
240     8.90388e+04     7.08664e+03     -1.90257e+03     2.54122e+03
241     1.36905e+05     -1.13142e+04     -1.48355e+03     -1.65414e+03
242     -4.40410e+03     8.47890e+03     -1.45551e+03     3.38680e+03
243     1.86284e+05     -1.05803e+04     -1.08309e+03     2.72528e+03
244     6.50162e+04     7.53901e+03     -1.05919e+03     1.21037e+04
245     3.44042e+05     -1.01737e+04     -7.71408e+02     7.62451e+03
246     7.03271e+04     7.52765e+03     -8.30253e+02     5.87946e+03
247     3.37485e+05     -1.06395e+04     -6.37357e+02     1.31912e+04
248     2.70606e+05     7.67517e+03     -7.77213e+02     1.52683e+04
249     3.68375e+05     -1.12718e+04     -6.87700e+02     -6.98226e+03
250     -2.63894e+05     8.48768e+03     -8.75821e+02     -1.28088e+04
251     3.62302e+05     -1.13190e+04     -8.28029e+02     -2.59862e+02
252     4.91743e+04     8.38198e+03     -9.28618e+02     1.25062e+04
253     -1.10264e+05     -1.07012e+04     -1.03521e+03     -1.68844e+03
254     -1.57165e+05     8.14870e+03     -1.04023e+03     -9.33100e+01
255     -1.14429e+05     -1.07695e+04     -1.06501e+03     1.92189e+04
256     -1.20846e+05     9.14396e+03     -1.07354e+03     -1.62395e+04
257     -1.14715e+05     -1.09643e+04     -1.01089e+03     1.85575e+04
258     -3.20284e+04     9.30532e+03     -1.02773e+03     -2.72073e+03
259     -1.95565e+04     -1.06991e+04     -8.94696e+02     9.14431e+03
260     5.09877e+04     1.04933e+04     -8.16796e+02     5.13479e+03
261     1.02591e+05     -1.07826e+04     -6.87662e+02     -9.58332e+04
262     3.32979e+04     1.03012e+04     -6.61808e+02     -2.72282e+04
263     -1.68954e+04     -1.03355e+04     -5.93395e+02     -8.38530e+04
264     -2.82045e+04     1.06070e+04     -5.46101e+02     -2.72102e+04
265     -3.35116e+04     -9.99028e+03     -4.36808e+02     1.40827e+04
266     -1.48894e+04     1.05528e+04     -4.60905e+02     -5.29160e+03
267     -4.72271e+03     -1.03859e+04     -3.36461e+02     -7.72988e+03
